<?xml version="1.0"?>
<opencv_storage>
<Q type_id="opencv-matrix">
  <rows>4</rows>
  <cols>4</cols>
  <dt>d</dt>
  <data>
    1. 0. 0. -6.4096759033203125e+02 0. 1. 0. -3.8489490509033203e+02 0.
    0. 0. 1.1009820531665016e+03 0. 0. 1.0003759813229667e-01
    -3.9381775123872576e+00</data></Q>
</opencv_storage>
